RainGage 2018 11 01 00 00 0.08
RainGage 2018 11 01 00 05 0.12
RainGage 2018 11 01 00 10 0.12
RainGage 2018 11 01 00 15 0.2
RainGage 2018 11 01 00 20 0.28
RainGage 2018 11 01 00 25 0.52
RainGage 2018 11 01 00 30 1.04
RainGage 2018 11 01 00 35 0.4
RainGage 2018 11 01 00 40 0.24
RainGage 2018 11 01 00 45 0.16
RainGage 2018 11 01 00 50 0.12
RainGage 2018 11 01 00 55 0.12
RainGage 2018 11 01 01 00 0.08
RainGage 2018 11 01 01 05 0.08
RainGage 2018 11 01 01 10 0.08
RainGage 2018 11 01 01 15 0.04
RainGage 2018 11 01 01 20 0.04
RainGage 2018 11 01 01 25 0.04
RainGage 2018 11 01 01 30 0.04
RainGage 2018 11 01 01 35 0.04
RainGage 2018 11 01 01 40 0.04
RainGage 2018 11 01 01 45 0.04
RainGage 2018 11 01 01 50 0.04
RainGage 2018 11 01 01 55 0.04
