RainGage 2018 11 01 00 00 0.09
RainGage 2018 11 01 00 05 0.135
RainGage 2018 11 01 00 10 0.135
RainGage 2018 11 01 00 15 0.225
RainGage 2018 11 01 00 20 0.315
RainGage 2018 11 01 00 25 0.585
RainGage 2018 11 01 00 30 1.17
RainGage 2018 11 01 00 35 0.45
RainGage 2018 11 01 00 40 0.27
RainGage 2018 11 01 00 45 0.18
RainGage 2018 11 01 00 50 0.135
RainGage 2018 11 01 00 55 0.135
RainGage 2018 11 01 01 00 0.09
RainGage 2018 11 01 01 05 0.09
RainGage 2018 11 01 01 10 0.09
RainGage 2018 11 01 01 15 0.045
RainGage 2018 11 01 01 20 0.045
RainGage 2018 11 01 01 25 0.045
RainGage 2018 11 01 01 30 0.045
RainGage 2018 11 01 01 35 0.045
RainGage 2018 11 01 01 40 0.045
RainGage 2018 11 01 01 45 0.045
RainGage 2018 11 01 01 50 0.045
RainGage 2018 11 01 01 55 0.045
